1 1 1 1
-0.661583 -0.086956
0
1 0 0 1
0.620423 0
0
1 0 0 1
0.670652 0.029
0
1 0 0 1
0.670652 -0.029
0
1 0 0 1
0.720882 0.058
0
1 0 0 1
0.720882 0
0
1 0 0 1
0.720882 -0.058
0
1 0 0 1
0.771112 0.087
0
1 0 0 1
0.771112 0.029
0
1 0 0 1
0.771112 -0.029
0
1 0 0 1
0.771112 -0.087
0
1 0 0 1
0.821341 0.116
0
1 0 0 1
0.821341 0.058
0
1 0 0 1
0.821341 0
0
1 0 0 1
0.821341 -0.058
0
1 0 0 1
0.821341 -0.116
0
0 1 0.2 1
-0.652286 0.183228
0
1 0.5 0 1
-0.652286 0
0
1 1 0 1
-0.652286 -0.183228
0
0 0 1 1
0 0
0
0.95 0.08 0.47 1
0.562423 0
0
0 0 0 1
0.915680 0
0